19.9800	0.268302
20.2500	0.267567
20.4900	0.267383
20.6100	0.267226
20.8100	0.267145
21.0100	0.266938
21.2200	0.266725
21.4200	0.266447
21.6500	0.266129
21.8200	0.266125
22.1100	0.265947
22.2200	0.265939
22.4300	0.265707
22.6000	0.265609
22.8300	0.265393
23.0200	0.265289
23.2800	0.26512
23.4800	0.26508
23.6200	0.265021
23.8300	0.264914
24.0000	0.264855
24.2100	0.264696
24.4400	0.264653
24.6200	0.264674
24.8200	0.264563
25.0000	0.264534
25.2400	0.264499
25.4400	0.26454
25.6200	0.264525
25.8300	0.264527
26.0100	0.264519
26.2200	0.264517
26.5500	0.264573
26.6300	0.264563
26.9100	0.264614
27.0600	0.264603
27.2100	0.264696
27.4300	0.264666
27.6000	0.264713
27.8200	0.264823
28.0800	0.264894
28.2500	0.264829
28.4400	0.264798
28.6000	0.264768
28.8500	0.264868
29.0700	0.264861
29.2000	0.26479
29.4300	0.264845
29.6500	0.264859
29.8500	0.264894
30.0000	0.264888
30.2000	0.264865
30.4000	0.26484
30.6400	0.264899
30.8600	0.264884
31.0500	0.264962
31.2100	0.264933
31.4300	0.264953
31.6600	0.26491
31.8500	0.264938
32.0100	0.264938
32.3300	0.265027
32.4800	0.265055
32.6800	0.265144
32.8400	0.265235
33.0000	0.265206
33.2100	0.265242
33.4700	0.265447
33.6400	0.26548
33.8400	0.265579
34.0000	0.265599
34.2100	0.265639
34.4200	0.265717
34.6700	0.265824
34.8500	0.265797
35.0100	0.265892
35.2000	0.265998
35.4200	0.266137
35.6600	0.266191
35.8300	0.266255
36.0700	0.266338
36.2300	0.266452
36.4300	0.266519
36.6300	0.266658
36.8000	0.266726
37.0800	0.266753
37.2400	0.266794
37.4400	0.266931
37.6600	0.267141
37.8500	0.267154
38.0500	0.267152
38.2400	0.26739
38.4600	0.267417
38.6300	0.267616
38.8200	0.26758
39.0000	0.267781
39.2100	0.267859
39.4300	0.268027
39.6700	0.268085
39.8400	0.268227
40.0500	0.268431
40.2100	0.2685
40.4100	0.268654
40.6300	0.268745
40.8200	0.268944
41.0100	0.269009
41.2200	0.269039
41.4400	0.269203
41.6000	0.269318
41.8700	0.269521
42.0400	0.269631
42.2600	0.269752
42.4000	0.269758
42.6200	0.270075
42.8500	0.270124
43.0400	0.270141
43.2600	0.27033
43.4000	0.2705
43.6500	0.270765
43.8200	0.27088
44.0100	0.270963
44.4200	0.271444
44.6700	0.271673
44.8100	0.27171
45.1100	0.271822
45.2100	0.272031
45.4200	0.272261
45.6300	0.272466
45.8100	0.272684
46.0100	0.272872
46.2400	0.273124
46.4500	0.273403
46.6400	0.273567
46.8100	0.273796
47.0700	0.273997
47.2200	0.274182
47.4200	0.27456
47.6100	0.27476
47.8300	0.275023
48.0300	0.275274
48.2500	0.275479
48.4500	0.275774
48.6300	0.276097
48.8700	0.276339
49.0800	0.276598
49.2100	0.276805
49.4900	0.277216
49.6800	0.277394
49.8700	0.27764
50.0500	0.277927
50.2600	0.27817
50.4800	0.278572
50.7000	0.278783
50.8700	0.278981
51.0600	0.279216
51.2400	0.2795
51.4600	0.279804
51.6600	0.280002
51.8800	0.280156
52.0600	0.280412
52.3000	0.280763
52.5300	0.280854
52.7200	0.280979
52.8500	0.281095
53.0000	0.281496
53.2300	0.281642
53.4000	0.281824
53.6000	0.282005
53.8300	0.282253
54.0200	0.282362
54.2100	0.282471
54.4300	0.282754
54.6400	0.282904
54.8800	0.283089
55.0700	0.283317
55.2100	0.283371
55.4100	0.283537
55.6300	0.283695
55.8000	0.283882
56.0400	0.284051
56.2000	0.284138
56.4600	0.284354
56.6400	0.28439
56.8000	0.284619
57.0800	0.284917
57.2600	0.285009
57.4000	0.285182
57.6000	0.285295
57.8800	0.285483
58.0400	0.28551
58.2400	0.285746
58.4200	0.285869
58.6600	0.286054
58.8100	0.286185
59.0500	0.286311
59.2200	0.28641
59.4300	0.286614
59.6700	0.286761
59.8200	0.286821
60.0000	0.2871
60.2600	0.287307
60.4200	0.287418
60.6000	0.287622
60.8800	0.287874
61.0700	0.287968
61.2300	0.288076
61.4700	0.288419
61.6500	0.288699
61.8300	0.288808
62.0800	0.289054
62.2500	0.289277
62.4400	0.289521
62.6900	0.289832
62.8100	0.289951
63.0300	0.290152
63.2000	0.290436
63.4200	0.290675
63.6300	0.291138
63.8700	0.291523
64.0100	0.291741
64.2000	0.292031
64.4500	0.292527
64.6000	0.292745
64.8700	0.293255
65.0200	0.293642
65.2100	0.294099
65.4100	0.294456
65.6500	0.294998
65.8000	0.295316
66.0200	0.295962
66.2000	0.296404
66.4100	0.296826
66.6100	0.297503
66.8600	0.298085
67.0100	0.29855
67.4000	0.299665
67.4700	0.299827
67.6800	0.300719
67.8200	0.301018
68.1200	0.301633
68.2700	0.302228
68.4400	0.303114
68.6000	0.303604
68.8100	0.304056
69.0200	0.304999
69.2900	0.30582
69.4900	0.306339
69.6000	0.306697
69.8100	0.30753
70.0000	0.308097
70.2200	0.308815
70.4700	0.309604
70.6400	0.310006
70.8400	0.310833
71.0000	0.31126
71.2000	0.311884
71.4600	0.31251
71.6300	0.313103
71.8600	0.313624
72.0200	0.314205
72.2600	0.314704
72.4500	0.315306
72.7100	0.316123
72.9900	0.316515
73.1900	0.316778
73.3400	0.317137
73.4400	0.317892
73.6700	0.31819
73.8400	0.318473
74.0700	0.318864
74.3000	0.319113
74.4000	0.319187
74.6200	0.319403
74.8400	0.319489
75.0200	0.319633
75.2900	0.319842
75.4700	0.320041
75.6400	0.320265
75.8000	0.321265
76.0700	0.321759
76.2000	0.321755
76.4600	0.321605
76.7200	0.321915
76.8300	0.322223
77.0000	0.323014
77.2200	0.323
77.6100	0.323143
78.0300	0.323664
78.2900	0.324193
78.4200	0.324405
78.6900	0.325193
78.9000	0.325149
79.0600	0.324842
79.2300	0.325519
79.4500	0.325934
79.6600	0.325977
79.8100	0.326331
80.0400	0.326645
80.2000	0.326617
80.4400	0.326992
80.6300	0.32733
80.8000	0.32725
81.0500	0.327524
81.2600	0.327862
81.4600	0.327871
81.6200	0.328275
81.8200	0.328583
82.0900	0.328812
82.2300	0.328997
82.4400	0.32914
82.6200	0.329035
82.8300	0.329301
83.0300	0.329592
83.2100	0.329593
83.4300	0.330044
83.6200	0.329956
83.8200	0.330375
84.0400	0.330455
84.2200	0.330668
84.4600	0.330673
84.6100	0.330843
84.8100	0.330725
85.0500	0.331127
85.2700	0.331414
85.4500	0.331437
85.6500	0.331798
85.8300	0.331669
86.0300	0.331916
86.2300	0.331844
86.4100	0.331881
86.7600	0.331909
86.9900	0.331814
87.1600	0.331556
87.2300	0.331514
87.4800	0.331774
87.6200	0.331966
87.8500	0.331886
88.0100	0.332025
88.2200	0.332093
88.4100	0.332035
88.6100	0.332103
88.9100	0.332117
89.0200	0.332192
89.2200	0.332225
89.4400	0.332228
89.6100	0.33229
89.8100	0.332326
90.0600	0.332377
90.2200	0.332401
90.4100	0.332476
90.6100	0.332442
90.8400	0.332544
91.0600	0.332616
91.2300	0.332678
91.4700	0.332004
91.6200	0.33151
91.8000	0.332315
92.0400	0.332169
92.2300	0.332646
92.4100	0.332539
92.6800	0.332945
92.8000	0.332829
93.1200	0.333625
93.4100	0.333917
93.6600	0.333786
93.8000	0.333425
94.1300	0.333811
94.2300	0.334304
94.4800	0.334181
94.6100	0.334536
94.8200	0.334635
95.0900	0.334658
