376
20.0100	0.250572
20.2500	0.250547
20.4500	0.250576
20.6800	0.250557
20.8500	0.250625
21.0500	0.250582
21.2600	0.250612
21.4400	0.250682
21.6400	0.250789
21.8000	0.250779
22.0300	0.250698
22.2400	0.250842
22.4100	0.250809
22.6500	0.250941
22.8100	0.25086
23.0400	0.250984
23.2400	0.251012
23.4100	0.250958
23.6600	0.251038
23.8000	0.251152
24.0500	0.251145
24.2000	0.251149
24.4500	0.251175
24.6600	0.251254
24.8100	0.251242
25.0000	0.251267
25.2200	0.251248
25.4200	0.251346
25.6400	0.251296
25.8600	0.25147
26.0400	0.251422
26.2100	0.251432
26.4400	0.251525
26.6000	0.251582
26.8400	0.251594
27.0700	0.251723
27.2500	0.251559
27.4300	0.251725
27.6000	0.251791
27.8400	0.251739
28.0800	0.251836
28.2000	0.251877
28.4100	0.251886
28.6300	0.252018
28.8500	0.252018
29.0500	0.252034
29.2100	0.252028
29.4300	0.252145
29.6700	0.252114
29.8600	0.252238
30.0000	0.252217
30.2300	0.252226
30.4300	0.252339
30.6600	0.252351
30.8400	0.252369
31.0000	0.252387
31.2300	0.252496
31.4400	0.252452
31.6100	0.252568
31.9200	0.252561
32.0400	0.252606
32.2600	0.252645
32.4500	0.252649
32.6500	0.252809
32.8400	0.252868
33.0200	0.252878
33.2000	0.252849
33.4400	0.252932
33.6100	0.252969
33.8400	0.25307
34.0600	0.253124
34.2200	0.253174
34.4300	0.253219
34.6000	0.253219
34.8500	0.253403
35.0000	0.25338
35.2100	0.253408
35.4200	0.25357
35.6400	0.253449
35.8700	0.253689
36.0200	0.253689
36.2000	0.253814
36.4500	0.2539
36.6100	0.253977
36.8500	0.254117
37.0000	0.254161
37.2000	0.2542
37.4100	0.254291
37.6600	0.254409
37.8800	0.254525
38.0600	0.254593
38.2400	0.254705
38.4100	0.254789
38.6300	0.254898
38.8700	0.255037
39.0200	0.255165
39.2500	0.255271
39.4400	0.255446
39.6600	0.25552
39.8400	0.255596
40.0200	0.25567
40.2300	0.255844
40.4100	0.255946
40.6600	0.256093
40.8800	0.256355
41.0600	0.256394
41.2400	0.256446
41.4700	0.256797
41.6600	0.256838
41.8700	0.257021
42.0200	0.257154
42.2300	0.257351
42.4400	0.257617
42.6800	0.257723
42.8300	0.257944
43.0300	0.25806
43.2200	0.25821
43.4400	0.258451
43.6100	0.258569
43.8200	0.258942
44.0200	0.259072
44.2000	0.259179
44.4200	0.259571
44.6700	0.259801
44.8000	0.259906
45.0400	0.260191
45.2900	0.26054
45.4500	0.260722
45.6400	0.260967
45.8700	0.261207
46.0000	0.261422
46.2700	0.261665
46.4200	0.261872
46.6000	0.262072
46.8000	0.262574
47.0100	0.262673
47.2100	0.262892
47.4600	0.263306
47.6100	0.263409
47.8400	0.263726
48.0300	0.26401
48.2200	0.264383
48.4200	0.264663
48.6000	0.26487
48.8300	0.265095
49.0100	0.265281
49.2300	0.265657
49.4500	0.26584
49.6400	0.266183
49.8200	0.266408
50.0400	0.266599
50.2000	0.26695
50.4200	0.26711
50.6800	0.267422
50.8300	0.267583
51.0500	0.267788
51.2500	0.268122
51.4400	0.268417
51.6600	0.268619
51.8300	0.268752
52.0500	0.268978
52.2400	0.269238
52.4100	0.26929
52.6400	0.269596
52.8200	0.269744
53.0500	0.26998
53.2100	0.270164
53.4600	0.270376
53.6100	0.270564
53.8300	0.270826
54.0800	0.271008
54.2800	0.271141
54.4200	0.271247
54.6100	0.271521
54.8300	0.271625
55.0200	0.271722
55.2100	0.271936
55.4100	0.27219
55.6100	0.272345
55.8700	0.272466
56.0400	0.272567
56.2300	0.272686
56.4600	0.272951
56.6800	0.273022
56.8200	0.273154
57.0400	0.273304
57.2300	0.273331
57.4600	0.273634
57.6700	0.273742
57.8100	0.273831
58.0700	0.274046
58.2700	0.274136
58.4200	0.274225
58.6500	0.274441
58.8200	0.274544
59.0700	0.274733
59.2000	0.274788
59.4200	0.274975
59.6800	0.275146
59.8000	0.275385
60.0200	0.275544
60.2000	0.275543
60.4500	0.275858
60.6100	0.275928
60.8300	0.276128
61.0300	0.276288
61.2000	0.276507
61.4300	0.27672
61.6100	0.276858
61.8300	0.277141
62.0400	0.277338
62.2100	0.277543
62.4100	0.277864
62.6700	0.278133
62.8800	0.278396
63.0300	0.278654
63.2200	0.27893
63.4000	0.279183
63.6000	0.279482
63.8200	0.279855
64.0200	0.280285
64.2000	0.280599
64.4700	0.281056
64.6300	0.281373
64.8700	0.28177
65.0100	0.28213
65.2500	0.282782
65.4500	0.283146
65.7000	0.283485
65.8300	0.284007
66.0200	0.284522
66.2500	0.285065
66.4100	0.285563
66.6300	0.286128
66.8500	0.286791
67.0100	0.287124
67.2000	0.287727
67.4400	0.288586
67.6700	0.289092
67.8000	0.289476
68.0300	0.290408
68.2500	0.291056
68.4500	0.291506
68.6400	0.292241
68.8100	0.292854
69.0500	0.293667
69.2800	0.294288
69.4200	0.294558
69.6100	0.295245
69.8000	0.296123
70.0100	0.296648
70.2100	0.297223
70.4500	0.297959
70.6000	0.298589
70.8400	0.299123
71.0300	0.299586
71.2500	0.300326
71.4600	0.300756
71.6200	0.301253
71.8400	0.301752
72.0100	0.30218
72.2200	0.302679
72.4400	0.303226
72.6200	0.303583
72.8200	0.304016
73.0300	0.304457
73.2300	0.304845
73.4500	0.305268
73.6200	0.30566
73.8600	0.305942
74.0900	0.306202
74.2100	0.306408
74.4300	0.307044
74.6200	0.307194
74.8400	0.307396
75.0000	0.307597
75.2800	0.308067
75.4800	0.30832
75.6000	0.308335
75.8300	0.308833
76.0300	0.309045
76.2300	0.309163
76.4400	0.309479
76.6400	0.309778
76.8000	0.310095
77.0000	0.310194
77.2900	0.31062
77.4000	0.311619
77.6100	0.31162
77.8300	0.311732
78.0200	0.312001
78.2400	0.312356
78.4100	0.312524
78.6200	0.31277
78.9100	0.31284
79.0300	0.31318
79.2300	0.313508
79.4900	0.31338
79.6600	0.313197
79.8000	0.313093
80.0400	0.313838
80.2400	0.314024
80.4700	0.313761
80.6000	0.31384
80.8200	0.314404
81.0300	0.314685
81.2100	0.314668
81.4700	0.314943
81.6100	0.315293
81.8400	0.315299
82.0600	0.315495
82.2000	0.315864
82.4000	0.315976
82.6800	0.316305
82.8100	0.316556
83.0200	0.316584
83.2600	0.316848
83.4300	0.317345
83.6500	0.317204
83.8200	0.317157
84.0200	0.317493
84.2000	0.318009
84.4100	0.318189
84.6200	0.318607
84.9400	0.318761
85.1000	0.318848
85.2000	0.319159
85.4100	0.319315
85.6200	0.319719
85.8100	0.319963
86.1100	0.320361
86.2200	0.320491
86.4200	0.320682
86.6300	0.32105
86.8100	0.321287
87.0000	0.321539
87.2600	0.321336
87.4400	0.321869
87.6300	0.321774
87.8100	0.321956
88.0100	0.322182
88.2200	0.3222
88.4700	0.322416
88.6500	0.322797
88.8000	0.322765
89.0400	0.322845
89.2100	0.322981
89.4700	0.323329
89.6200	0.323205
89.8200	0.32328
90.1400	0.32368
90.2600	0.323809
90.4300	0.32385
90.6000	0.323944
90.8200	0.324016
91.0500	0.324172
91.2500	0.324182
91.5000	0.324294
91.6500	0.324391
91.8000	0.324576
92.1300	0.32515
92.2900	0.325046
92.4000	0.324907
92.6300	0.32534
92.8300	0.32526
93.0400	0.32582
93.2500	0.32583
93.5000	0.325587
93.6300	0.326446
93.8200	0.326371
94.0700	0.32615
94.2700	0.326087
94.5100	0.326356
94.6000	0.326384
94.8300	0.326293
95.0100	0.326292
