     16     29    6.400  179.932
     10     26   -0.790  179.932
     49     62    3.200  179.932
     43     59   -8.000  179.932
     75     92  -20.810  179.932
    793    810   -3.200  179.932
    141    158  -12.800  179.932
    181    193    5.060  179.932
    206    223    8.900  179.932
    239    256    5.140  179.932
    272    289   -1.600  179.932
    312    324    1.600  179.932
    337    354  -27.650  179.932
    377    389    2.730  179.932
    408    421    4.000  179.932
    402    418   -1.600  179.932
    440    453   -1.600  179.932
    434    450   -6.410  179.932
    466    483   -4.800  179.932
    506    518    2.580  179.932
    531    548    4.010  179.932
    571    583  -12.830  179.932
    596    613  -24.430  179.932
    629    646  -20.810  179.932
    662    679  -11.200  179.932
    702    714    3.560  179.932
    727    744   11.750  179.932
    760    777    5.390  179.932
    108    125  -24.000  179.932
    833    846  -14.400  179.932
      8     25    1.320  179.932
     41     58   10.250  179.932
    627    645  -13.250  179.932
    725    743   -2.410  179.932
    139    157  -30.700  179.932
    172    188    1.640  179.932
    204    222   -9.670  179.932
    237    255   -1.010  179.932
    270    288    6.740  179.932
    303    319   -1.450  179.932
    335    353    0.560  179.932
    368    384   -0.710  179.932
    400    417    7.950  179.932
    432    449    2.780  179.932
    464    482   -8.360  179.932
    497    513   -6.920  179.932
    529    547    3.350  179.932
    562    578    3.970  179.932
    594    612   -3.170  179.932
     73     91   -5.970  179.932
    660    678  -30.090  179.932
    693    709    1.650  179.932
    106    124   -9.780  179.932
    758    776    1.940  179.932
    791    809    8.220  179.932
    824    841    1.440  179.932
